mpicxx -c -pedantic -Wall -Werror -Wno-sign-compare -Wno-long-long -lm -std=c++11 -O2 main.cpp
mpicxx -pedantic -Wall -Werror -Wno-sign-compare -Wno-long-long -lm -std=c++11 -O2 -o pp-kp matrix.o main.o
26 -9 -8 8 
9 -21 -2 8 
-3 2 -18 8 
1 -6 -1 11 
20 -164 140 -81 
-0.115385 -7.52381 8.38889 7.81818 

-2.42879 2.12996 2.658 -3.33078 

2.58 -2.56292 -0.838885 1.62423 

-1.64505 1.80436 0.00711297 -1.70877 

1.15255 -1.35666 -0.284792 1.13439 

-0.906284 0.953223 0.161344 -0.870662 

0.647502 -0.735454 -0.13 0.616997 

-0.484425 0.524928 0.0845867 -0.471839 

0.352914 -0.395415 -0.0706432 0.338053 

-0.262627 0.286759 0.0474918 -0.254186 

0.192087 -0.21391 -0.0373383 0.184606 

-0.142337 0.156205 0.0262651 -0.137535 

0.104471 -0.115897 -0.0200478 0.10053 

-0.0772192 0.0849799 0.0143908 -0.0745365 

0.0567784 -0.0628594 -0.0108153 0.0546808 

-0.0419117 0.0461944 0.00785516 -0.0404318 

0.0308479 -0.0341128 -0.0058517 0.0297212 

-0.0227538 0.0251002 0.00427779 -0.0219433 

0.0167566 -0.0185184 -0.00317138 0.0161484 

-0.0123548 0.0136352 0.00232672 -0.0119126 

0.0091012 -0.0100546 -0.00172033 0.00877207 

-0.00670887 0.0074061 0.00126465 -0.00646811 

0.00494296 -0.00545972 -0.000933672 0.00476455 

-0.0036432 0.0040224 0.000687118 -0.00351227 

0.00268449 -0.00296482 -0.000506874 0.0025877 

-0.00197846 0.00218456 0.000373251 -0.0019073 

0.0014579 -0.00161005 -0.000275216 0.00140537 

-0.00107443 0.0011864 0.000202731 -0.00103576 

0.000791754 -0.000874354 -0.000149446 0.000763235 

-0.000583486 0.000644312 0.000110106 -0.000562484 

0.000429982 -0.000474831 -8.11549e-05 0.000414497 

-0.000316873 0.000349911 5.97982e-05 -0.000305466 

0.000233512 -0.000257866 -4.40715e-05 0.000225103 

-0.000172084 0.000190027 3.24755e-05 -0.000165889 

0.000126814 -0.000140039 -2.39335e-05 0.000122248 

-9.34539e-05 0.000103199 1.76367e-05 -9.00892e-05 

6.88691e-05 -7.60511e-05 -1.29975e-05 6.63894e-05 

-5.07521e-05 5.60444e-05 9.57808e-06 -4.89248e-05 

3.74009e-05 -4.13011e-05 -7.05853e-06 3.60542e-05 

-2.7562e-05 3.04361e-05 5.20161e-06 -2.65696e-05 

2.03114e-05 -2.24294e-05 -3.83327e-06 1.958e-05 

-1.49681e-05 1.6529e-05 2.82485e-06 -1.44292e-05 

1.10305e-05 -1.21808e-05 -2.08174e-06 1.06334e-05 

-8.12876e-06 8.97643e-06 1.5341e-06 -7.83609e-06 

5.99036e-06 -6.61504e-06 -1.13053e-06 5.77468e-06 

-4.4145e-06 4.87484e-06 8.33125e-07 -4.25556e-06 

3.25319e-06 -3.59244e-06 -6.13959e-07 3.13606e-06 

-2.39739e-06 2.64739e-06 4.52447e-07 -2.31107e-06 

1.76672e-06 -1.95095e-06 -3.33424e-07 1.70311e-06 

-1.30195e-06 1.43772e-06 2.45711e-07 -1.25508e-06 

9.59454e-07 -1.05951e-06 -1.81073e-07 9.24908e-07 

-7.07054e-07 7.80786e-07 1.33439e-07 -6.81596e-07 

5.21052e-07 -5.75387e-07 -9.83355e-08 5.02291e-07 

-3.83981e-07 4.24022e-07 7.24667e-08 -3.70156e-07 

2.82968e-07 -3.12476e-07 -5.34032e-08 2.7278e-07 

-2.08529e-07 2.30274e-07 3.93546e-08 -2.01021e-07 

1.53672e-07 -1.69697e-07 -2.90017e-08 1.48139e-07 

-1.13246e-07 1.25055e-07 2.13724e-08 -1.09169e-07 

8.34549e-08 -9.21576e-08 -1.575e-08 8.04501e-08 

-6.15008e-08 6.79141e-08 1.16067e-08 -5.92864e-08 

4.5322e-08 -5.00482e-08 -8.55339e-09 4.36902e-08 

-3.33993e-08 3.68822e-08 6.30328e-09 -3.21968e-08 

2.46131e-08 -2.71797e-08 -4.6451e-09 2.37269e-08 

-1.81382e-08 2.00297e-08 3.42313e-09 -1.74851e-08 

1.33667e-08 -1.47605e-08 -2.52262e-09 1.28854e-08 

-9.85035e-09 1.08775e-08 1.859e-09 -9.49568e-09 

7.25905e-09 -8.01603e-09 -1.36996e-09 6.99769e-09 

-5.34944e-09 5.90728e-09 1.00957e-09 -5.15683e-09 

3.94219e-09 -4.35327e-09 -7.4399e-10 3.80025e-09 

-2.90513e-09 3.20807e-09 5.48271e-10 -2.80053e-09 

2.14089e-09 -2.36414e-09 -4.0404e-10 2.0638e-09 

-1.57769e-09 1.74222e-09 2.97749e-10 -1.52089e-09 

Число итераций: 288
Решение:
X1 = 2
X2 = 8
X3 = -9
X4 = -4
TEST
